,filler name,filler name,filler name,filler name,filler name,filler name,filler name,filler name,filler name,filler name,filler name,filler name,filler name,filler name,filler name,filler name,filler name,filler name,filler name,filler name,filler name,filler name,filler name,filler name,filler name,filler name,filler name,filler name,filler name,filler name,filler name,filler name,filler name,filler name,filler name,filler name,filler name,filler name,filler name,filler name,filler name,filler name,filler name,filler name,filler name,filler name,filler name,filler name,filler name
Symbol Rate (GHz),10.0,10.0,10.0,10.0,10.0,10.0,10.0,10.0,10.0,10.0,10.0,10.0,10.0,10.0,10.0,10.0,10.0,10.0,10.0,10.0,10.0,10.0,10.0,10.0,10.0,10.0,10.0,10.0,10.0,10.0,10.0,10.0,10.0,10.0,10.0,10.0,10.0,10.0,10.0,10.0,10.0,10.0,10.0,10.0,10.0,10.0,10.0,10.0,10.0
Systolic Array Rows,4.0,4.0,4.0,4.0,4.0,4.0,4.0,8.0,8.0,8.0,8.0,8.0,8.0,8.0,16.0,16.0,16.0,16.0,16.0,16.0,16.0,32.0,32.0,32.0,32.0,32.0,32.0,32.0,64.0,64.0,64.0,64.0,64.0,64.0,64.0,128.0,128.0,128.0,128.0,128.0,128.0,128.0,256.0,256.0,256.0,256.0,256.0,256.0,256.0
Systolic Array Cols,4.0,8.0,16.0,32.0,64.0,128.0,256.0,4.0,8.0,16.0,32.0,64.0,128.0,256.0,4.0,8.0,16.0,32.0,64.0,128.0,256.0,4.0,8.0,16.0,32.0,64.0,128.0,256.0,4.0,8.0,16.0,32.0,64.0,128.0,256.0,4.0,8.0,16.0,32.0,64.0,128.0,256.0,4.0,8.0,16.0,32.0,64.0,128.0,256.0
SRAM Input Size,802816.0,802816.0,802816.0,802816.0,802816.0,802816.0,802816.0,802816.0,802816.0,802816.0,802816.0,802816.0,802816.0,802816.0,802816.0,802816.0,802816.0,802816.0,802816.0,802816.0,802816.0,802816.0,802816.0,802816.0,802816.0,802816.0,802816.0,802816.0,802816.0,802816.0,802816.0,802816.0,802816.0,802816.0,802816.0,802816.0,802816.0,802816.0,802816.0,802816.0,802816.0,802816.0,802816.0,802816.0,802816.0,802816.0,802816.0,802816.0,802816.0
SRAM Filter Size,300000.0,300000.0,300000.0,300000.0,300000.0,300000.0,300000.0,300000.0,300000.0,300000.0,300000.0,300000.0,300000.0,300000.0,300000.0,300000.0,300000.0,300000.0,300000.0,300000.0,300000.0,300000.0,300000.0,300000.0,300000.0,300000.0,300000.0,300000.0,300000.0,300000.0,300000.0,300000.0,300000.0,300000.0,300000.0,300000.0,300000.0,300000.0,300000.0,300000.0,300000.0,300000.0,300000.0,300000.0,300000.0,300000.0,300000.0,300000.0,300000.0
SRAM Output Size,300000.0,300000.0,300000.0,300000.0,300000.0,300000.0,300000.0,300000.0,300000.0,300000.0,300000.0,300000.0,300000.0,300000.0,300000.0,300000.0,300000.0,300000.0,300000.0,300000.0,300000.0,300000.0,300000.0,300000.0,300000.0,300000.0,300000.0,300000.0,300000.0,300000.0,300000.0,300000.0,300000.0,300000.0,300000.0,300000.0,300000.0,300000.0,300000.0,300000.0,300000.0,300000.0,300000.0,300000.0,300000.0,300000.0,300000.0,300000.0,300000.0
Accumulator Elements,50000.0,50000.0,50000.0,50000.0,50000.0,50000.0,50000.0,50000.0,50000.0,50000.0,50000.0,50000.0,50000.0,50000.0,50000.0,50000.0,50000.0,50000.0,50000.0,50000.0,50000.0,50000.0,50000.0,50000.0,50000.0,50000.0,50000.0,50000.0,50000.0,50000.0,50000.0,50000.0,50000.0,50000.0,50000.0,50000.0,50000.0,50000.0,50000.0,50000.0,50000.0,50000.0,50000.0,50000.0,50000.0,50000.0,50000.0,50000.0,50000.0
Batch Size,1.0,1.0,1.0,1.0,1.0,1.0,1.0,1.0,1.0,1.0,1.0,1.0,1.0,1.0,1.0,1.0,1.0,1.0,1.0,1.0,1.0,1.0,1.0,1.0,1.0,1.0,1.0,1.0,1.0,1.0,1.0,1.0,1.0,1.0,1.0,1.0,1.0,1.0,1.0,1.0,1.0,1.0,1.0,1.0,1.0,1.0,1.0,1.0,1.0
SRAM Input Reads,28459200.0,14229600.0,7114800.0,3557400.0,1778700.0,1778700.0,1778700.0,28459200.0,14229600.0,7114800.0,3557400.0,1778700.0,1778700.0,1778700.0,28459200.0,14229600.0,7114800.0,3557400.0,1778700.0,1778700.0,1778700.0,28459200.0,14229600.0,7114800.0,3557400.0,1778700.0,1778700.0,1778700.0,28459200.0,14229600.0,7114800.0,3557400.0,1778700.0,1778700.0,1778700.0,28459200.0,14229600.0,7114800.0,3557400.0,1778700.0,1778700.0,1778700.0,28459200.0,14229600.0,7114800.0,3557400.0,1778700.0,1778700.0,1778700.0
SRAM Filter Reads,9408.0,9408.0,9408.0,9408.0,9408.0,9408.0,9408.0,9408.0,9408.0,9408.0,9408.0,9408.0,9408.0,9408.0,9408.0,9408.0,9408.0,9408.0,9408.0,9408.0,9408.0,9408.0,9408.0,9408.0,9408.0,9408.0,9408.0,9408.0,9408.0,9408.0,9408.0,9408.0,9408.0,9408.0,9408.0,9408.0,9408.0,9408.0,9408.0,9408.0,9408.0,9408.0,9408.0,9408.0,9408.0,9408.0,9408.0,9408.0,9408.0
SRAM Output Writes,774400.0,774400.0,774400.0,774400.0,774400.0,774400.0,774400.0,774400.0,774400.0,774400.0,774400.0,774400.0,774400.0,774400.0,774400.0,774400.0,774400.0,774400.0,774400.0,774400.0,774400.0,774400.0,774400.0,774400.0,774400.0,774400.0,774400.0,774400.0,774400.0,774400.0,774400.0,774400.0,774400.0,774400.0,774400.0,774400.0,774400.0,774400.0,774400.0,774400.0,774400.0,774400.0,774400.0,774400.0,774400.0,774400.0,774400.0,774400.0,774400.0
DRAM Input Reads,150528.0,150528.0,150528.0,150528.0,150528.0,150528.0,150528.0,150528.0,150528.0,150528.0,150528.0,150528.0,150528.0,150528.0,150528.0,150528.0,150528.0,150528.0,150528.0,150528.0,150528.0,150528.0,150528.0,150528.0,150528.0,150528.0,150528.0,150528.0,150528.0,150528.0,150528.0,150528.0,150528.0,150528.0,150528.0,150528.0,150528.0,150528.0,150528.0,150528.0,150528.0,150528.0,150528.0,150528.0,150528.0,150528.0,150528.0,150528.0,150528.0
DRAM Filter Reads,9472.0,9472.0,9472.0,9472.0,9472.0,18944.0,37888.0,9728.0,9728.0,9728.0,9728.0,9728.0,19456.0,38912.0,10240.0,10240.0,10240.0,10240.0,10240.0,20480.0,40960.0,10240.0,10240.0,10240.0,10240.0,10240.0,20480.0,40960.0,12288.0,12288.0,12288.0,12288.0,12288.0,24576.0,49152.0,16384.0,16384.0,16384.0,16384.0,16384.0,32768.0,65536.0,16384.0,16384.0,16384.0,16384.0,16384.0,32768.0,65536.0
DRAM Output Writes,774400.0,774400.0,774400.0,774400.0,774400.0,774400.0,774400.0,774400.0,774400.0,774400.0,774400.0,774400.0,774400.0,774400.0,774400.0,774400.0,774400.0,774400.0,774400.0,774400.0,774400.0,774400.0,774400.0,774400.0,774400.0,774400.0,774400.0,774400.0,774400.0,774400.0,774400.0,774400.0,774400.0,774400.0,774400.0,774400.0,774400.0,774400.0,774400.0,774400.0,774400.0,774400.0,774400.0,774400.0,774400.0,774400.0,774400.0,774400.0,774400.0
Total Weights Programming Cycles,592.0,296.0,148.0,74.0,37.0,37.0,37.0,304.0,152.0,76.0,38.0,19.0,19.0,19.0,160.0,80.0,40.0,20.0,10.0,10.0,10.0,80.0,40.0,20.0,10.0,5.0,5.0,5.0,48.0,24.0,12.0,6.0,3.0,3.0,3.0,32.0,16.0,8.0,4.0,2.0,2.0,2.0,16.0,8.0,4.0,2.0,1.0,1.0,1.0
Total Vector Segments Processed,7163200.0,3581600.0,1790800.0,895400.0,447700.0,447700.0,447700.0,3678400.0,1839200.0,919600.0,459800.0,229900.0,229900.0,229900.0,1936000.0,968000.0,484000.0,242000.0,121000.0,121000.0,121000.0,968000.0,484000.0,242000.0,121000.0,60500.0,60500.0,60500.0,580800.0,290400.0,145200.0,72600.0,36300.0,36300.0,36300.0,387200.0,193600.0,96800.0,48400.0,24200.0,24200.0,24200.0,193600.0,96800.0,48400.0,24200.0,12100.0,12100.0,12100.0
Accumulator Dumps,4.0,2.0,1.0,1.0,1.0,1.0,1.0,4.0,2.0,1.0,1.0,1.0,1.0,1.0,4.0,2.0,1.0,1.0,1.0,1.0,1.0,4.0,2.0,1.0,1.0,1.0,1.0,1.0,4.0,2.0,1.0,1.0,1.0,1.0,1.0,4.0,2.0,1.0,1.0,1.0,1.0,1.0,4.0,2.0,1.0,1.0,1.0,1.0,1.0
ADCs Area,0.19,0.38,0.76,1.52,3.04,6.08,12.16,0.19,0.38,0.76,1.52,3.04,6.08,12.16,0.19,0.38,0.76,1.52,3.04,6.08,12.16,0.19,0.38,0.76,1.52,3.04,6.08,12.16,0.19,0.38,0.76,1.52,3.04,6.08,12.16,0.19,0.38,0.76,1.52,3.04,6.08,12.16,0.19,0.38,0.76,1.52,3.04,6.08,12.16
PS Area,0.0,0.0,0.0,0.0,0.0,0.0,0.0,0.0,0.0,0.0,0.0,0.0,0.0,0.0,0.0,0.0,0.0,0.0,0.0,0.0,0.0,0.0,0.0,0.0,0.0,0.0,0.0,0.0,0.0,0.0,0.0,0.0,0.0,0.0,0.0,0.0,0.0,0.0,0.0,0.0,0.0,0.0,0.0,0.0,0.0,0.0,0.0,0.0,0.0
ODAC Drivers Area,0.0048,0.0048,0.0048,0.0048,0.0048,0.0048,0.0048,0.0096,0.0096,0.0096,0.0096,0.0096,0.0096,0.0096,0.0192,0.0192,0.0192,0.0192,0.0192,0.0192,0.0192,0.0384,0.0384,0.0384,0.0384,0.0384,0.0384,0.0384,0.0768,0.0768,0.0768,0.0768,0.0768,0.0768,0.0768,0.1536,0.1536,0.1536,0.1536,0.1536,0.1536,0.1536,0.3072,0.3072,0.3072,0.3072,0.3072,0.3072,0.3072
PCM Heaters Area,0.0,0.0,0.0,0.0,0.0,0.0,0.0,0.0,0.0,0.0,0.0,0.0,0.0,0.0,0.0,0.0,0.0,0.0,0.0,0.0,0.0,0.0,0.0,0.0,0.0,0.0,0.0,0.0,0.0,0.0,0.0,0.0,0.0,0.0,0.0,0.0,0.0,0.0,0.0,0.0,0.0,0.0,0.0,0.0,0.0,0.0,0.0,0.0,0.0
MRM Heaters Area,0.0276,0.0276,0.0552,0.0828,0.138,0.2484,0.4692,0.0276,0.0276,0.0552,0.0828,0.138,0.2484,0.4692,0.0552,0.0552,0.0552,0.0828,0.138,0.2484,0.4692,0.0828,0.0828,0.0828,0.1104,0.1656,0.276,0.4968,0.138,0.138,0.138,0.1656,0.2208,0.3312,0.552,0.2484,0.2484,0.2484,0.276,0.3312,0.4416,0.6624,0.4692,0.4692,0.4692,0.4968,0.552,0.6624,0.8832
SRAM Area,0.6312672,0.6312672,0.6312672,0.6312672,0.6312672,0.6312672,0.6312672,0.6312672,0.6312672,0.6312672,0.6312672,0.6312672,0.6312672,0.6312672,0.6312672,0.6312672,0.6312672,0.6312672,0.6312672,0.6312672,0.6312672,0.6312672,0.6312672,0.6312672,0.6312672,0.6312672,0.6312672,0.6312672,0.6312672,0.6312672,0.6312672,0.6312672,0.6312672,0.6312672,0.6312672,0.6312672,0.6312672,0.6312672,0.6312672,0.6312672,0.6312672,0.6312672,0.6312672,0.6312672,0.6312672,0.6312672,0.6312672,0.6312672,0.6312672
DRAM Area,0.0,0.0,0.0,0.0,0.0,0.0,0.0,0.0,0.0,0.0,0.0,0.0,0.0,0.0,0.0,0.0,0.0,0.0,0.0,0.0,0.0,0.0,0.0,0.0,0.0,0.0,0.0,0.0,0.0,0.0,0.0,0.0,0.0,0.0,0.0,0.0,0.0,0.0,0.0,0.0,0.0,0.0,0.0,0.0,0.0,0.0,0.0,0.0,0.0
Clock Area,0.042,0.063,0.10500000000000001,0.189,0.35700000000000004,0.6930000000000001,1.365,0.063,0.084,0.126,0.21000000000000002,0.378,0.7140000000000001,1.3860000000000001,0.10500000000000001,0.126,0.168,0.252,0.42000000000000004,0.756,1.4280000000000002,0.189,0.21000000000000002,0.252,0.336,0.504,0.8400000000000001,1.512,0.35700000000000004,0.378,0.42000000000000004,0.504,0.672,1.008,1.6800000000000002,0.6930000000000001,0.7140000000000001,0.756,0.8400000000000001,1.008,1.344,2.016,1.365,1.3860000000000001,1.4280000000000002,1.512,1.6800000000000002,2.016,2.688
Rx AFE Area,0.0,0.0,0.0,0.0,0.0,0.0,0.0,0.0,0.0,0.0,0.0,0.0,0.0,0.0,0.0,0.0,0.0,0.0,0.0,0.0,0.0,0.0,0.0,0.0,0.0,0.0,0.0,0.0,0.0,0.0,0.0,0.0,0.0,0.0,0.0,0.0,0.0,0.0,0.0,0.0,0.0,0.0,0.0,0.0,0.0,0.0,0.0,0.0,0.0
ADCs Power,92.36641221374046,184.73282442748092,369.46564885496184,738.9312977099237,1477.8625954198474,2955.7251908396947,5911.4503816793895,92.36641221374046,184.73282442748092,369.46564885496184,738.9312977099237,1477.8625954198474,2955.7251908396947,5911.4503816793895,92.36641221374046,184.73282442748092,369.46564885496184,738.9312977099237,1477.8625954198474,2955.7251908396947,5911.4503816793895,92.36641221374046,184.73282442748092,369.46564885496184,738.9312977099237,1477.8625954198474,2955.7251908396947,5911.4503816793895,92.36641221374046,184.73282442748092,369.46564885496184,738.9312977099237,1477.8625954198474,2955.7251908396947,5911.4503816793895,92.36641221374046,184.73282442748092,369.46564885496184,738.9312977099237,1477.8625954198474,2955.7251908396947,5911.4503816793895,92.36641221374046,184.73282442748092,369.46564885496184,738.9312977099237,1477.8625954198474,2955.7251908396947,5911.4503816793895
PS Power,44.335877862595424,66.50381679389314,110.83969465648856,199.51145038167942,376.8549618320611,731.5419847328245,1440.9160305343514,66.50381679389315,88.67175572519086,133.0076335877863,221.67938931297715,399.02290076335885,753.7099236641224,1463.0839694656493,110.83969465648856,133.00763358778627,177.3435114503817,266.01526717557255,443.35877862595424,798.0458015267177,1507.4198473282445,199.51145038167942,221.67938931297712,266.01526717557255,354.6870229007634,532.0305343511451,886.7175572519085,1596.0916030534354,376.8549618320612,399.02290076335885,443.3587786259543,532.0305343511452,709.3740458015269,1064.0610687022904,1773.4351145038172,731.5419847328245,753.7099236641222,798.0458015267177,886.7175572519085,1064.0610687022902,1418.7480916030536,2128.1221374045804,1440.9160305343514,1463.083969465649,1507.4198473282445,1596.0916030534354,1773.435114503817,2128.1221374045804,2837.496183206107
ODAC Drivers Power,92.36641221374046,184.73282442748092,369.46564885496184,738.9312977099237,1477.8625954198474,2955.7251908396947,5911.4503816793895,92.36641221374046,184.73282442748092,369.46564885496184,738.9312977099237,1477.8625954198474,2955.7251908396947,5911.4503816793895,92.36641221374046,184.73282442748092,369.46564885496184,738.9312977099237,1477.8625954198474,2955.7251908396947,5911.4503816793895,92.36641221374046,184.73282442748092,369.46564885496184,738.9312977099237,1477.8625954198474,2955.7251908396947,5911.4503816793895,92.36641221374046,184.73282442748092,369.46564885496184,738.9312977099237,1477.8625954198474,2955.7251908396947,5911.4503816793895,92.36641221374046,184.73282442748092,369.46564885496184,738.9312977099237,1477.8625954198474,2955.7251908396947,5911.4503816793895,92.36641221374046,184.73282442748092,369.46564885496184,738.9312977099237,1477.8625954198474,2955.7251908396947,5911.4503816793895
PCM Heaters Power,1.2213740458015268,2.4427480916030535,4.885496183206107,9.770992366412214,19.541984732824428,39.083969465648856,78.16793893129771,2.442748091603054,4.885496183206108,9.770992366412216,19.54198473282443,39.08396946564886,78.16793893129773,156.33587786259545,4.885496183206108,9.770992366412216,19.54198473282443,39.08396946564886,78.16793893129773,156.33587786259545,312.6717557251909,9.770992366412216,19.54198473282443,39.08396946564886,78.16793893129773,156.33587786259545,312.6717557251909,625.3435114503818,19.54198473282443,39.08396946564886,78.16793893129773,156.33587786259545,312.6717557251909,625.3435114503818,1250.6870229007636,39.083969465648856,78.16793893129771,156.33587786259542,312.67175572519085,625.3435114503817,1250.6870229007634,2501.374045801527,78.16793893129771,156.33587786259542,312.67175572519085,625.3435114503817,1250.6870229007634,2501.374045801527,5002.748091603054
MRM Heaters Power,5.32030534351145,7.980458015267176,13.300763358778624,23.941374045801524,45.22259541984733,87.78503816793892,172.90992366412212,7.980458015267177,10.640610687022901,15.960916030534355,26.601526717557253,47.882748091603055,90.44519083969466,175.57007633587787,13.300763358778624,15.960916030534351,21.2812213740458,31.921832061068702,53.2030534351145,95.7654961832061,180.89038167938932,23.941374045801524,26.60152671755725,31.921832061068702,42.5624427480916,63.843664122137405,106.406106870229,191.5309923664122,45.22259541984733,47.882748091603055,53.203053435114505,63.84366412213742,85.12488549618321,127.68732824427484,212.81221374045802,87.78503816793892,90.44519083969466,95.7654961832061,106.406106870229,127.68732824427481,170.2497709923664,255.37465648854962,172.90992366412212,175.57007633587784,180.89038167938932,191.5309923664122,212.812213740458,255.37465648854962,340.4995419847328
SRAM Program Power,0.0036393645553950906,0.007278729110790181,0.014557458221580362,0.029114916443160724,0.05822983288632145,0.05822983288632145,0.05822983288632145,0.007087183607874649,0.014174367215749299,0.028348734431498598,0.056697468862997195,0.11339493772599439,0.11339493772599439,0.11339493772599439,0.013465648854961834,0.02693129770992367,0.05386259541984734,0.10772519083969467,0.21545038167938935,0.21545038167938935,0.21545038167938935,0.02693129770992367,0.05386259541984734,0.10772519083969467,0.21545038167938935,0.4309007633587787,0.4309007633587787,0.4309007633587787,0.044885496183206114,0.08977099236641223,0.17954198473282446,0.3590839694656489,0.7181679389312978,0.7181679389312978,0.7181679389312978,0.06732824427480917,0.13465648854961834,0.2693129770992367,0.5386259541984734,1.0772519083969467,1.0772519083969467,1.0772519083969467,0.13465648854961834,0.2693129770992367,0.5386259541984734,1.0772519083969467,2.1545038167938935,2.1545038167938935,2.1545038167938935
SRAM Compute Power,11.308644522384983,11.608211264699815,12.207344749329481,13.405611718588817,15.80214565710749,15.80214565710749,15.80214565710749,22.022097227802337,22.605464041783854,23.77219766974689,26.105664925672965,30.772599437525116,30.772599437525116,30.772599437525116,41.84198473282443,42.95038167938932,45.167175572519085,49.60076335877863,58.46793893129772,58.46793893129772,58.46793893129772,83.68396946564886,85.90076335877863,90.33435114503817,99.20152671755726,116.93587786259543,116.93587786259543,116.93587786259543,139.47328244274814,143.16793893129773,150.55725190839695,165.33587786259545,194.89312977099243,194.89312977099243,194.89312977099243,209.20992366412213,214.75190839694656,225.83587786259542,248.00381679389312,292.3396946564886,292.3396946564886,292.3396946564886,418.41984732824426,429.5038167938931,451.67175572519085,496.00763358778624,584.6793893129772,584.6793893129772,584.6793893129772
DRAM Program Power,0.2858015267175572,0.5716030534351144,1.1432061068702288,2.2864122137404577,4.572824427480915,9.14564885496183,18.29129770992366,0.5716030534351144,1.1432061068702288,2.2864122137404577,4.572824427480915,9.14564885496183,18.29129770992366,36.58259541984732,1.1432061068702288,2.2864122137404577,4.572824427480915,9.14564885496183,18.29129770992366,36.58259541984732,73.16519083969465,2.2864122137404577,4.572824427480915,9.14564885496183,18.29129770992366,36.58259541984732,73.16519083969465,146.3303816793893,4.572824427480916,9.145648854961832,18.291297709923665,36.58259541984733,73.16519083969466,146.33038167938932,292.66076335877864,9.14564885496183,18.29129770992366,36.58259541984732,73.16519083969465,146.3303816793893,292.6607633587786,585.3215267175572,18.29129770992366,36.58259541984732,73.16519083969465,146.3303816793893,292.6607633587786,585.3215267175572,1170.6430534351143
DRAM Compute Power,27.908132865690114,55.81626573138023,111.63253146276045,223.2650629255209,446.5301258510418,446.5301258510418,446.5301258510418,54.34741663318602,108.69483326637204,217.3896665327441,434.7793330654882,869.5586661309763,869.5586661309763,869.5586661309763,103.26009160305343,206.52018320610685,413.0403664122137,826.0807328244274,1652.1614656488548,1652.1614656488548,1652.1614656488548,206.52018320610685,413.0403664122137,826.0807328244274,1652.1614656488548,3304.3229312977096,3304.3229312977096,3304.3229312977096,344.20030534351145,688.4006106870229,1376.8012213740458,2753.6024427480916,5507.204885496183,5507.204885496183,5507.204885496183,516.3004580152672,1032.6009160305343,2065.2018320610687,4130.403664122137,8260.807328244275,8260.807328244275,8260.807328244275,1032.6009160305343,2065.2018320610687,4130.403664122137,8260.807328244275,16521.61465648855,16521.61465648855,16521.61465648855
Clocks Power,13.85496183206107,20.782442748091604,34.637404580152676,62.34732824427482,117.7671755725191,228.60687022900765,450.2862595419848,20.782442748091608,27.709923664122144,41.564885496183216,69.27480916030537,124.69465648854965,235.53435114503822,457.21374045801537,34.637404580152676,41.56488549618321,55.41984732824428,83.12977099236642,138.5496183206107,249.38931297709928,471.0687022900764,62.34732824427482,69.27480916030535,83.12977099236642,110.83969465648856,166.25954198473283,277.0992366412214,498.77862595419856,117.76717557251911,124.69465648854965,138.54961832061073,166.25954198473286,221.67938931297715,332.5190839694657,554.1984732824429,228.60687022900765,235.5343511450382,249.38931297709928,277.0992366412214,332.51908396946567,443.35877862595424,665.0381679389313,450.2862595419848,457.2137404580153,471.0687022900764,498.77862595419856,554.1984732824428,665.0381679389313,886.7175572519085
Rx AFE Power,8.31297709923664,16.62595419847328,33.25190839694656,66.50381679389312,133.00763358778624,266.0152671755725,532.030534351145,8.312977099236642,16.625954198473284,33.25190839694657,66.50381679389314,133.00763358778627,266.01526717557255,532.0305343511451,8.31297709923664,16.62595419847328,33.25190839694656,66.50381679389312,133.00763358778624,266.0152671755725,532.030534351145,8.31297709923664,16.62595419847328,33.25190839694656,66.50381679389312,133.00763358778624,266.0152671755725,532.030534351145,8.312977099236642,16.625954198473284,33.25190839694657,66.50381679389314,133.00763358778627,266.01526717557255,532.0305343511451,8.31297709923664,16.62595419847328,33.25190839694656,66.50381679389312,133.00763358778624,266.0152671755725,532.030534351145,8.31297709923664,16.62595419847328,33.25190839694656,66.50381679389312,133.00763358778624,266.0152671755725,532.030534351145
MRMs Area,0.0008,0.0012000000000000001,0.002,0.0036000000000000003,0.0068000000000000005,0.0132,0.026000000000000002,0.0012000000000000001,0.0016,0.0024000000000000002,0.004,0.007200000000000001,0.013600000000000001,0.0264,0.002,0.0024000000000000002,0.0032,0.0048000000000000004,0.008,0.014400000000000001,0.027200000000000002,0.0036000000000000003,0.004,0.0048000000000000004,0.0064,0.009600000000000001,0.016,0.028800000000000003,0.0068000000000000005,0.007200000000000001,0.008,0.009600000000000001,0.0128,0.019200000000000002,0.032,0.0132,0.013600000000000001,0.014400000000000001,0.016,0.019200000000000002,0.0256,0.038400000000000004,0.026000000000000002,0.0264,0.027200000000000002,0.028800000000000003,0.032,0.038400000000000004,0.0512
Crossbar Array Area,0.0064,0.0128,0.0256,0.0512,0.1024,0.2048,0.4096,0.0128,0.0256,0.0512,0.1024,0.2048,0.4096,0.8192,0.0256,0.0512,0.1024,0.2048,0.4096,0.8192,1.6384,0.0512,0.1024,0.2048,0.4096,0.8192,1.6384,3.2768,0.1024,0.2048,0.4096,0.8192,1.6384,3.2768,6.5536,0.2048,0.4096,0.8192,1.6384,3.2768,6.5536,13.1072,0.4096,0.8192,1.6384,3.2768,6.5536,13.1072,26.2144
Tx Power Splitters Area,9e-05,9e-05,9e-05,9e-05,9e-05,9e-05,9e-05,0.00021,0.00021,0.00021,0.00021,0.00021,0.00021,0.00021,0.00045,0.00045,0.00045,0.00045,0.00045,0.00045,0.00045,0.00093,0.00093,0.00093,0.00093,0.00093,0.00093,0.00093,0.00189,0.00189,0.00189,0.00189,0.00189,0.00189,0.00189,0.00381,0.00381,0.00381,0.00381,0.00381,0.00381,0.00381,0.0076500000000000005,0.0076500000000000005,0.0076500000000000005,0.0076500000000000005,0.0076500000000000005,0.0076500000000000005,0.0076500000000000005
Grating Coupler Area,0.0009,0.0009,0.0009,0.0009,0.0009,0.0009,0.0009,0.0009,0.0009,0.0009,0.0009,0.0009,0.0009,0.0009,0.0009,0.0009,0.0009,0.0009,0.0009,0.0009,0.0009,0.0009,0.0009,0.0009,0.0009,0.0009,0.0009,0.0009,0.0009,0.0009,0.0009,0.0009,0.0009,0.0009,0.0009,0.0009,0.0009,0.0009,0.0009,0.0009,0.0009,0.0009,0.0009,0.0009,0.0009,0.0009,0.0009,0.0009,0.0009
Photonic Power Single PD,0.2,0.2,0.2,0.2,0.2,0.2,0.2,0.2,0.2,0.2,0.2,0.2,0.2,0.2,0.2,0.2,0.2,0.2,0.2,0.2,0.2,0.2,0.2,0.2,0.2,0.2,0.2,0.2,0.2,0.2,0.2,0.2,0.2,0.2,0.2,0.2,0.2,0.2,0.2,0.2,0.2,0.2,0.2,0.2,0.2,0.2,0.2,0.2,0.2
PCM OMA,-0.13,-0.13,-0.13,-0.13,-0.13,-0.13,-0.13,-0.13,-0.13,-0.13,-0.13,-0.13,-0.13,-0.13,-0.13,-0.13,-0.13,-0.13,-0.13,-0.13,-0.13,-0.13,-0.13,-0.13,-0.13,-0.13,-0.13,-0.13,-0.13,-0.13,-0.13,-0.13,-0.13,-0.13,-0.13,-0.13,-0.13,-0.13,-0.13,-0.13,-0.13,-0.13,-0.13,-0.13,-0.13,-0.13,-0.13,-0.13,-0.13
MRM Tx OMA,-4.0,-4.0,-4.0,-4.0,-4.0,-4.0,-4.0,-4.0,-4.0,-4.0,-4.0,-4.0,-4.0,-4.0,-4.0,-4.0,-4.0,-4.0,-4.0,-4.0,-4.0,-4.0,-4.0,-4.0,-4.0,-4.0,-4.0,-4.0,-4.0,-4.0,-4.0,-4.0,-4.0,-4.0,-4.0,-4.0,-4.0,-4.0,-4.0,-4.0,-4.0,-4.0,-4.0,-4.0,-4.0,-4.0,-4.0,-4.0,-4.0
Power Loss Crossbar Junctions,-0.2,-0.30000000000000004,-0.5,-0.9,-1.7000000000000002,-3.3000000000000003,-6.5,-0.30000000000000004,-0.4,-0.6000000000000001,-1.0,-1.8,-3.4000000000000004,-6.6000000000000005,-0.5,-0.6000000000000001,-0.8,-1.2000000000000002,-2.0,-3.6,-6.800000000000001,-0.9,-1.0,-1.2000000000000002,-1.6,-2.4000000000000004,-4.0,-7.2,-1.7000000000000002,-1.8,-2.0,-2.4000000000000004,-3.2,-4.800000000000001,-8.0,-3.3000000000000003,-3.4000000000000004,-3.6,-4.0,-4.800000000000001,-6.4,-9.600000000000001,-6.5,-6.6000000000000005,-6.800000000000001,-7.2,-8.0,-9.600000000000001,-12.8
Power Loss Crossbar Waveguides,-0.024,-0.036,-0.06,-0.108,-0.20400000000000001,-0.396,-0.78,-0.036,-0.048,-0.072,-0.12,-0.216,-0.40800000000000003,-0.792,-0.06,-0.072,-0.096,-0.144,-0.24,-0.432,-0.8160000000000001,-0.108,-0.12,-0.144,-0.192,-0.288,-0.48,-0.864,-0.20400000000000001,-0.216,-0.24,-0.288,-0.384,-0.576,-0.96,-0.396,-0.40800000000000003,-0.432,-0.48,-0.576,-0.768,-1.152,-0.78,-0.792,-0.8160000000000001,-0.864,-0.96,-1.152,-1.536
Power Loss Splitting Tree,-0.4,-0.4,-0.4,-0.4,-0.4,-0.4,-0.4,-0.8,-0.8,-0.8,-0.8,-0.8,-0.8,-0.8,-1.6,-1.6,-1.6,-1.6,-1.6,-1.6,-1.6,-3.2,-3.2,-3.2,-3.2,-3.2,-3.2,-3.2,-6.4,-6.4,-6.4,-6.4,-6.4,-6.4,-6.4,-12.8,-12.8,-12.8,-12.8,-12.8,-12.8,-12.8,-25.6,-25.6,-25.6,-25.6,-25.6,-25.6,-25.6
Power Loss Tx Waveguides,-0.07539822368615504,-0.11309733552923255,-0.18849555921538758,-0.33929200658769765,-0.6408849013323179,-1.2440706908215582,-2.4504422698000385,-0.11309733552923255,-0.15079644737231007,-0.2261946710584651,-0.37699111843077515,-0.6785840131753953,-1.2817698026646358,-2.4881413816431164,-0.18849555921538758,-0.2261946710584651,-0.30159289474462014,-0.4523893421169302,-0.7539822368615503,-1.3571680263507906,-2.5635396053292716,-0.33929200658769765,-0.37699111843077515,-0.4523893421169302,-0.6031857894892403,-0.9047786842338604,-1.5079644737231006,-2.714336052701581,-0.6408849013323179,-0.6785840131753953,-0.7539822368615503,-0.9047786842338604,-1.2063715789784806,-1.8095573684677209,-3.015928947446201,-1.2440706908215582,-1.2817698026646358,-1.3571680263507906,-1.5079644737231006,-1.8095573684677209,-2.412743157956961,-3.6191147369354417,-2.4504422698000385,-2.4881413816431164,-2.5635396053292716,-2.714336052701581,-3.015928947446201,-3.6191147369354417,-4.825486315913922
Power Loss Grating Coupler,-2.0,-2.0,-2.0,-2.0,-2.0,-2.0,-2.0,-2.0,-2.0,-2.0,-2.0,-2.0,-2.0,-2.0,-2.0,-2.0,-2.0,-2.0,-2.0,-2.0,-2.0,-2.0,-2.0,-2.0,-2.0,-2.0,-2.0,-2.0,-2.0,-2.0,-2.0,-2.0,-2.0,-2.0,-2.0,-2.0,-2.0,-2.0,-2.0,-2.0,-2.0,-2.0,-2.0,-2.0,-2.0,-2.0,-2.0,-2.0,-2.0
Power Loss Waveguide Power Combining,-6.020599913279624,-6.020599913279624,-6.020599913279624,-6.020599913279624,-6.020599913279624,-6.020599913279624,-6.020599913279624,-9.030899869919436,-9.030899869919436,-9.030899869919436,-9.030899869919436,-9.030899869919436,-9.030899869919436,-9.030899869919436,-12.041199826559248,-12.041199826559248,-12.041199826559248,-12.041199826559248,-12.041199826559248,-12.041199826559248,-12.041199826559248,-15.051499783199061,-15.051499783199061,-15.051499783199061,-15.051499783199061,-15.051499783199061,-15.051499783199061,-15.051499783199061,-18.06179973983887,-18.06179973983887,-18.06179973983887,-18.06179973983887,-18.06179973983887,-18.06179973983887,-18.06179973983887,-21.072099696478684,-21.072099696478684,-21.072099696478684,-21.072099696478684,-21.072099696478684,-21.072099696478684,-21.072099696478684,-24.082399653118497,-24.082399653118497,-24.082399653118497,-24.082399653118497,-24.082399653118497,-24.082399653118497,-24.082399653118497
PCM OMA Actual Loss,2.2737099376302954,4.706899947463715,10.085670714175077,23.153381366550388,61.01037724451769,211.81284081567878,1276.4959420824212,5.161013163821467,10.684024460467798,22.893104551443418,52.55503529367742,138.4852812038278,480.78641942140615,2897.4726510269807,13.295503381822307,27.52356540017842,58.97589084209051,135.38923992232034,356.75776560406365,1238.574144736026,7464.301331473894,44.11785868198399,91.33018388830526,195.69699191478415,449.25590121849694,1183.8129203997976,4109.903740788921,24768.448538168457,242.88668659216393,502.8096651377624,1077.3912280027703,2473.3357542463177,6517.369753902341,22626.685238932572,136360.34425036435,3680.885303092463,7619.951231687407,16327.587125000055,37482.76760308888,98769.06337908944,342901.5987752905,2066505.9667045102,422687.53286972916,875022.7517286784,1874947.7235228256,4304263.03964656,11341959.416254193,39376459.4299212,237303321.5658876
MRM Tx OMA Actual Loss,46.40651704571676,96.06802918410564,205.84897051672885,472.56150367739195,1245.2244082260265,4323.109137684898,26053.336757974885,105.33649934681901,218.061396062813,467.2492427522121,1072.6505174781232,2826.4905106868036,9812.871377728252,59137.54069682266,271.361792508577,561.7571466629022,1203.7004537624614,2763.3001757515303,7281.441250132228,25279.35125268487,152346.70933198553,900.4473820789153,1864.0529582319277,3994.183972540474,9169.332153033396,24161.672322516646,83883.31107966868,505525.09370672767,4957.327658630161,10262.366764463142,21989.601030343005,50480.888498397144,133019.79534510258,461811.61319237994,2783120.4566091276,75127.02642242817,155523.5304505802,333246.7513518619,765024.8894572133,2015880.8067084562,6998636.292698685,42177475.13954942,8627070.619031845,17859251.776771516,38267763.20561503,87850192.6797161,231489876.6422205,803675220.6128305,4843370939.71183
Crossbar Junctions Actual Loss,3.470114980270757,10.653271587974823,37.192472371559006,146.95156412704205,670.1348903803566,3823.0046310501775,33595.218609827854,11.68108001380608,31.877833178524043,100.17093065542849,366.533566542924,1593.384573633021,8851.28299278458,76757.28008286998,49.02922732738066,120.43194730954872,336.4486419438219,1108.3744426158046,4464.519734238,23666.196879645213,200229.94858942914,280.01043288733587,636.9623357027573,1602.0885002352343,4694.696545098535,17043.03592505002,83883.31107966868,679854.0419275954,2667.8550509850165,5785.229714953642,13482.634052180787,35607.94901621339,115224.0316305377,513200.02613481437,3891100.6668993444,66436.20616151701,140283.38159811118,311981.23512594926,765024.8894572133,2240199.3651391375,8963956.83599888,62391185.135390386,11124422.414725123,23180328.00396443,50295489.104365036,118145091.74903932,323647656.44403297,1188839524.2265913,7624591945.613056
Crossbar Waveguides Actual Loss,0.4249005449186593,1.3175865252855405,4.692452907891538,19.283675069557017,94.93235129529113,625.9481283307246,7116.034148395915,1.4447048965076565,3.9821604550626124,12.763876559874108,48.5679561014809,227.84660587064658,1461.8825572315577,16378.970386591995,6.185857666186628,15.34555483578348,43.72149648453299,149.7293606497245,650.3997585671713,3976.7219341551345,43356.91742689135,36.7442853430081,84.40143436381675,216.42477273147213,658.8261368785572,2575.7017415217765,14582.579309623787,151519.6435839234,377.9324976815895,827.2610244548424,1964.175869833983,5381.403682795458,18701.8892374606,95302.02205710342,917030.0953537901,10877.731761672541,23169.27713133941,52423.40487065077,132994.70396144083,416008.4147242721,1884676.8660931361,16326837.421061173,2356340.3680667565,4946369.979740253,10890765.259669017,26331096.219195325,76275241.03261136,311101473.54404515,2397157917.8095245
Splitting Tree Actual Loss,6.784049059071258,14.043937457129536,30.09253017995443,69.08254763480049,182.03614519564644,631.9841768965621,3808.670117270082,29.442808666870654,60.950762572517455,130.60173956226146,299.81862078542576,790.0378294410274,2742.8146581538094,16529.64837983679,138.93719286200258,287.619566137134,616.2944331493873,1414.809232739945,3728.09671520351,12943.023658386144,78001.48996908068,779.9829894875547,1614.6746915606407,3459.830765760794,7942.633014063834,20929.255594730133,72661.16493445523,437894.519655334,6349.418557472868,13144.1910773113,28164.606107974185,64656.66833045503,170373.72052764855,591495.1418947426,3564661.8282559463,118267.40666540527,244830.1962387695,524607.866687638,1204327.044728901,3173465.0831967336,11017480.711638518,66397152.156683065,14293756.749716949,29590090.53037867,63403920.377113424,145554538.734093,383543862.43765473,1331568804.3485692,8024736219.054861
Tx Waveguides Actual Loss,1.3270037528452097,4.102845649985133,14.52632149171477,59.003031767345654,283.84021667838823,1789.0320451645657,18664.998860833897,4.498680797349612,12.36369866018345,39.39733517154049,148.1742281810439,679.2977405683569,4166.671638888871,42850.03352437325,19.149421192889758,47.366014895444806,134.16636926316826,454.1651574410143,1928.062683296408,11272.062001326041,112844.24979769357,112.42795927341479,257.497296532317,656.4683810523279,1975.4909542521004,7549.393253241318,40883.15850888297,390329.8404168975,1129.9882555112463,2466.3810225528377,5822.656217463909,15772.91811429267,53600.726618391986,261452.56793654384,2314968.0890660486,31089.813707461737,66037.29515695765,148594.71690673678,372858.83707206976,1141281.8528414913,4956266.246169204,39620333.95865471,6180562.00525922,12940503.2461216,28345193.994070556,67831552.0162099,192550658.77439284,754949899.9080201,5397911587.722055
Grating Coupler Actual Loss,28.453544295793403,58.902845932321874,126.21358321442521,289.74485769154387,763.4929340367852,2650.657389855114,15974.260054163715,64.58568625557223,133.70147098010827,286.48771492005534,657.6815274221598,1733.0254039155402,6016.632753112091,36259.403654526934,166.38190656976587,344.4339906031946,738.033068636811,1694.2810828889144,4464.519734238,15499.701042605575,93409.37692060877,552.0974445630884,1142.9195034073837,2448.9812600301148,5622.055159238868,14814.41093741006,51431.94661930496,309956.0484629627,3039.5201170697223,6292.2349252082295,13482.634052180787,30951.691452412593,81559.33433531804,283153.70402256906,1706433.6268684838,46063.14608820876,95357.20291945926,204325.85345024572,469064.92805980553,1236010.7476329755,4291121.601913652,25860562.98915157,5289574.646589792,10950164.844724055,23463374.646264244,53864187.78948205,141934966.8620544,492762869.20242655,2969649056.7970514
Waveguide Power Combining Actual Loss,57.82572258967423,119.70739368059417,256.5020221781339,588.8442433912489,1551.6355412114576,5386.892308129511,32464.255449678705,153.13263826921667,317.0061383359948,679.262266314346,1559.362658725243,4109.002592912221,14265.434036501312,85971.03267919732,422.66939898708756,874.9852120364561,1874.867285659544,4304.0783807797725,11341.472830431352,39374.770125083385,237293.14092357195,1449.2752840918856,3000.204047866436,6428.662270253046,14758.093282851809,38888.351741891645,135010.6757097556,813645.5703895708,8107.538709925427,16783.747520398545,35963.23540546154,82559.75513332877,217549.29555025313,755276.9936706052,4551697.686769191,123842.80536628023,256372.0571498356,549339.093158799,1261101.8031338656,3323069.5566607034,11536870.198383326,69527267.26036069,14277244.559182849,29555907.96932672,63330675.97872273,145386393.69575465,383100791.421011,1330030572.0845351,8015466019.781492
Compute Portion,0.9236641221374046,0.9236641221374046,0.9236641221374046,0.9236641221374046,0.9236641221374046,0.9236641221374046,0.9236641221374046,0.9236641221374047,0.9236641221374047,0.9236641221374047,0.9236641221374047,0.9236641221374047,0.9236641221374047,0.9236641221374047,0.9236641221374046,0.9236641221374046,0.9236641221374046,0.9236641221374046,0.9236641221374046,0.9236641221374046,0.9236641221374046,0.9236641221374046,0.9236641221374046,0.9236641221374046,0.9236641221374046,0.9236641221374046,0.9236641221374046,0.9236641221374046,0.9236641221374047,0.9236641221374047,0.9236641221374047,0.9236641221374047,0.9236641221374047,0.9236641221374047,0.9236641221374047,0.9236641221374046,0.9236641221374046,0.9236641221374046,0.9236641221374046,0.9236641221374046,0.9236641221374046,0.9236641221374046,0.9236641221374046,0.9236641221374046,0.9236641221374046,0.9236641221374046,0.9236641221374046,0.9236641221374046,0.9236641221374046
Program Portion,0.07633587786259542,0.07633587786259542,0.07633587786259542,0.07633587786259542,0.07633587786259542,0.07633587786259542,0.07633587786259542,0.07633587786259544,0.07633587786259544,0.07633587786259544,0.07633587786259544,0.07633587786259544,0.07633587786259544,0.07633587786259544,0.07633587786259544,0.07633587786259544,0.07633587786259544,0.07633587786259544,0.07633587786259544,0.07633587786259544,0.07633587786259544,0.07633587786259544,0.07633587786259544,0.07633587786259544,0.07633587786259544,0.07633587786259544,0.07633587786259544,0.07633587786259544,0.07633587786259544,0.07633587786259544,0.07633587786259544,0.07633587786259544,0.07633587786259544,0.07633587786259544,0.07633587786259544,0.07633587786259542,0.07633587786259542,0.07633587786259542,0.07633587786259542,0.07633587786259542,0.07633587786259542,0.07633587786259542,0.07633587786259542,0.07633587786259542,0.07633587786259542,0.07633587786259542,0.07633587786259542,0.07633587786259542,0.07633587786259542
Total Time,0.00077552,0.00038776,0.00019388,9.694e-05,4.847e-05,4.847e-05,4.847e-05,0.00039823999999999995,0.00019911999999999998,9.955999999999999e-05,4.9779999999999994e-05,2.4889999999999997e-05,2.4889999999999997e-05,2.4889999999999997e-05,0.0002096,0.0001048,5.24e-05,2.62e-05,1.31e-05,1.31e-05,1.31e-05,0.0001048,5.24e-05,2.62e-05,1.31e-05,6.55e-06,6.55e-06,6.55e-06,6.288e-05,3.144e-05,1.572e-05,7.86e-06,3.93e-06,3.93e-06,3.93e-06,4.1920000000000005e-05,2.0960000000000003e-05,1.0480000000000001e-05,5.240000000000001e-06,2.6200000000000003e-06,2.6200000000000003e-06,2.6200000000000003e-06,2.0960000000000003e-05,1.0480000000000001e-05,5.240000000000001e-06,2.6200000000000003e-06,1.3100000000000002e-06,1.3100000000000002e-06,1.3100000000000002e-06
Total Electronics Area,0.8956672,1.1066672000000002,1.5562672,2.4278672,4.1710671999999995,7.657467200000001,14.6302672,0.9214672,1.1324672000000002,1.5820671999999998,2.4536672000000004,4.1968672,7.6832672,14.656067200000003,1.0006671999999999,1.2116671999999997,1.6336671999999999,2.5052672,4.2484672,7.7348672,14.707667200000001,1.1314672000000001,1.3424672,1.7644672,2.6360672,4.3792672,7.8656672,14.8384672,1.3930672,1.6040671999999998,2.0260672,2.8976672,4.6408672,8.1272672,15.1000672,1.9162672,2.1272672000000004,2.5492672,3.4208672,5.1640672,8.6504672,15.6232672,2.9626672,3.1736672,3.5956672000000003,4.4672672,6.2104672,9.6968672,16.6696672
Total Photonics Area,0.008190000000000001,0.01499,0.02859,0.05579,0.11019000000000001,0.21899000000000002,0.43659000000000003,0.01511,0.028310000000000002,0.05471,0.10751000000000001,0.21311000000000002,0.42431,0.8467100000000001,0.02895,0.05495,0.10695,0.21095000000000003,0.41895000000000004,0.83495,1.66695,0.05663,0.10823,0.21143,0.41783000000000003,0.8306300000000001,1.65623,3.30743,0.11199,0.21479000000000004,0.42039000000000004,0.83159,1.6539899999999998,3.2987900000000003,6.58839,0.22271000000000002,0.42791,0.83831,1.65911,3.3007100000000005,6.5839099999999995,13.15031,0.44415000000000004,0.8541500000000001,1.6741499999999998,3.31415,6.59415,13.15415,26.274150000000006
Total Electronics Program Power,1.225013410356922,2.450026820713844,4.900053641427688,9.800107282855375,19.60021456571075,39.142199298535175,78.22616876418404,2.4498352752109285,4.899670550421857,9.799341100843714,19.598682201687428,39.197364403374856,78.28133386902373,156.44927280032144,4.89896183206107,9.79792366412214,19.59584732824428,39.19169465648856,78.38338931297712,156.55132824427486,312.8872061068703,9.79792366412214,19.59584732824428,39.19169465648856,78.38338931297712,156.76677862595423,313.1026564885497,625.7744122137406,19.586870229007637,39.173740458015274,78.34748091603055,156.6949618320611,313.3899236641222,626.0616793893131,1251.405190839695,39.15129770992367,78.30259541984734,156.60519083969467,313.21038167938934,626.4207633587787,1251.7642748091603,2502.451297709924,78.30259541984734,156.60519083969467,313.21038167938934,626.4207633587787,1252.8415267175574,2503.5285496183205,5004.902595419848
Total Electronics Compute Power,209.61433463998347,370.25699608004953,691.5423189601815,1334.1129647204455,2619.254256240974,4738.21364555395,8976.132424179905,284.7296665327441,472.09541181197267,846.8269023704299,1596.2898834873445,3095.215845721173,5214.175235034151,9452.094013660106,429.38741984732826,666.1908702290076,1139.7977709923664,2087.011572519084,3981.439175572519,6100.398564885496,10338.317343511451,726.3398778625954,1067.511816793893,1749.8556946564886,3114.543450381679,5843.9189618320615,7962.878351145038,12200.797129770992,1223.5100763358782,1703.8400000000001,2664.499847328245,4585.8195419847325,8428.45893129771,10547.418320610686,14785.337099236642,2072.7483969465648,2727.0258015267177,4035.580610687023,6652.690229007634,11886.909465648856,14005.868854961831,18243.787633587788,4013.0618320610693,5189.181679389313,7541.421374045802,12245.900763358779,21654.859541984733,23773.818931297712,28011.737709923662
