,filler name,filler name,filler name,filler name,filler name,filler name,filler name,filler name,filler name,filler name,filler name,filler name,filler name,filler name,filler name,filler name,filler name,filler name,filler name,filler name,filler name,filler name,filler name,filler name,filler name,filler name,filler name,filler name,filler name,filler name,filler name,filler name,filler name,filler name,filler name,filler name,filler name,filler name,filler name,filler name,filler name,filler name,filler name,filler name,filler name,filler name,filler name,filler name,filler name
Symbol Rate (GHz),10.0,10.0,10.0,10.0,10.0,10.0,10.0,10.0,10.0,10.0,10.0,10.0,10.0,10.0,10.0,10.0,10.0,10.0,10.0,10.0,10.0,10.0,10.0,10.0,10.0,10.0,10.0,10.0,10.0,10.0,10.0,10.0,10.0,10.0,10.0,10.0,10.0,10.0,10.0,10.0,10.0,10.0,10.0,10.0,10.0,10.0,10.0,10.0,10.0
Systolic Array Rows,4.0,4.0,4.0,4.0,4.0,4.0,4.0,8.0,8.0,8.0,8.0,8.0,8.0,8.0,16.0,16.0,16.0,16.0,16.0,16.0,16.0,32.0,32.0,32.0,32.0,32.0,32.0,32.0,64.0,64.0,64.0,64.0,64.0,64.0,64.0,128.0,128.0,128.0,128.0,128.0,128.0,128.0,256.0,256.0,256.0,256.0,256.0,256.0,256.0
Systolic Array Cols,4.0,8.0,16.0,32.0,64.0,128.0,256.0,4.0,8.0,16.0,32.0,64.0,128.0,256.0,4.0,8.0,16.0,32.0,64.0,128.0,256.0,4.0,8.0,16.0,32.0,64.0,128.0,256.0,4.0,8.0,16.0,32.0,64.0,128.0,256.0,4.0,8.0,16.0,32.0,64.0,128.0,256.0,4.0,8.0,16.0,32.0,64.0,128.0,256.0
SRAM Input Size,802816.0,802816.0,802816.0,802816.0,802816.0,802816.0,802816.0,802816.0,802816.0,802816.0,802816.0,802816.0,802816.0,802816.0,802816.0,802816.0,802816.0,802816.0,802816.0,802816.0,802816.0,802816.0,802816.0,802816.0,802816.0,802816.0,802816.0,802816.0,802816.0,802816.0,802816.0,802816.0,802816.0,802816.0,802816.0,802816.0,802816.0,802816.0,802816.0,802816.0,802816.0,802816.0,802816.0,802816.0,802816.0,802816.0,802816.0,802816.0,802816.0
SRAM Filter Size,300000.0,300000.0,300000.0,300000.0,300000.0,300000.0,300000.0,300000.0,300000.0,300000.0,300000.0,300000.0,300000.0,300000.0,300000.0,300000.0,300000.0,300000.0,300000.0,300000.0,300000.0,300000.0,300000.0,300000.0,300000.0,300000.0,300000.0,300000.0,300000.0,300000.0,300000.0,300000.0,300000.0,300000.0,300000.0,300000.0,300000.0,300000.0,300000.0,300000.0,300000.0,300000.0,300000.0,300000.0,300000.0,300000.0,300000.0,300000.0,300000.0
SRAM Output Size,300000.0,300000.0,300000.0,300000.0,300000.0,300000.0,300000.0,300000.0,300000.0,300000.0,300000.0,300000.0,300000.0,300000.0,300000.0,300000.0,300000.0,300000.0,300000.0,300000.0,300000.0,300000.0,300000.0,300000.0,300000.0,300000.0,300000.0,300000.0,300000.0,300000.0,300000.0,300000.0,300000.0,300000.0,300000.0,300000.0,300000.0,300000.0,300000.0,300000.0,300000.0,300000.0,300000.0,300000.0,300000.0,300000.0,300000.0,300000.0,300000.0
Accumulator Elements,50000.0,50000.0,50000.0,50000.0,50000.0,50000.0,50000.0,50000.0,50000.0,50000.0,50000.0,50000.0,50000.0,50000.0,50000.0,50000.0,50000.0,50000.0,50000.0,50000.0,50000.0,50000.0,50000.0,50000.0,50000.0,50000.0,50000.0,50000.0,50000.0,50000.0,50000.0,50000.0,50000.0,50000.0,50000.0,50000.0,50000.0,50000.0,50000.0,50000.0,50000.0,50000.0,50000.0,50000.0,50000.0,50000.0,50000.0,50000.0,50000.0
Batch Size,1.0,1.0,1.0,1.0,1.0,1.0,1.0,1.0,1.0,1.0,1.0,1.0,1.0,1.0,1.0,1.0,1.0,1.0,1.0,1.0,1.0,1.0,1.0,1.0,1.0,1.0,1.0,1.0,1.0,1.0,1.0,1.0,1.0,1.0,1.0,1.0,1.0,1.0,1.0,1.0,1.0,1.0,1.0,1.0,1.0,1.0,1.0,1.0,1.0
SRAM Input Reads,29491200.0,14745600.0,7372800.0,3686400.0,1843200.0,921600.0,460800.0,29491200.0,14745600.0,7372800.0,3686400.0,1843200.0,921600.0,460800.0,29491200.0,14745600.0,7372800.0,3686400.0,1843200.0,921600.0,460800.0,29491200.0,14745600.0,7372800.0,3686400.0,1843200.0,921600.0,460800.0,29491200.0,14745600.0,7372800.0,3686400.0,1843200.0,921600.0,460800.0,29491200.0,14745600.0,7372800.0,3686400.0,1843200.0,921600.0,460800.0,29491200.0,14745600.0,7372800.0,3686400.0,1843200.0,921600.0,460800.0
SRAM Filter Reads,524288.0,524288.0,524288.0,524288.0,524288.0,524288.0,524288.0,524288.0,524288.0,524288.0,524288.0,524288.0,524288.0,524288.0,524288.0,524288.0,524288.0,524288.0,524288.0,524288.0,524288.0,524288.0,524288.0,524288.0,524288.0,524288.0,524288.0,524288.0,524288.0,524288.0,524288.0,524288.0,524288.0,524288.0,524288.0,524288.0,524288.0,524288.0,524288.0,524288.0,524288.0,524288.0,524288.0,524288.0,524288.0,524288.0,524288.0,524288.0,524288.0
SRAM Output Writes,230400.0,230400.0,230400.0,230400.0,230400.0,230400.0,230400.0,230400.0,230400.0,230400.0,230400.0,230400.0,230400.0,230400.0,230400.0,230400.0,230400.0,230400.0,230400.0,230400.0,230400.0,230400.0,230400.0,230400.0,230400.0,230400.0,230400.0,230400.0,230400.0,230400.0,230400.0,230400.0,230400.0,230400.0,230400.0,230400.0,230400.0,230400.0,230400.0,230400.0,230400.0,230400.0,230400.0,230400.0,230400.0,230400.0,230400.0,230400.0,230400.0
DRAM Input Reads,401408.0,401408.0,401408.0,401408.0,401408.0,401408.0,401408.0,401408.0,401408.0,401408.0,401408.0,401408.0,401408.0,401408.0,401408.0,401408.0,401408.0,401408.0,401408.0,401408.0,401408.0,401408.0,401408.0,401408.0,401408.0,401408.0,401408.0,401408.0,401408.0,401408.0,401408.0,401408.0,401408.0,401408.0,401408.0,401408.0,401408.0,401408.0,401408.0,401408.0,401408.0,401408.0,401408.0,401408.0,401408.0,401408.0,401408.0,401408.0,401408.0
DRAM Filter Reads,524288.0,524288.0,524288.0,524288.0,524288.0,524288.0,524288.0,524288.0,524288.0,524288.0,524288.0,524288.0,524288.0,524288.0,524288.0,524288.0,524288.0,524288.0,524288.0,524288.0,524288.0,524288.0,524288.0,524288.0,524288.0,524288.0,524288.0,524288.0,524288.0,524288.0,524288.0,524288.0,524288.0,524288.0,524288.0,524288.0,524288.0,524288.0,524288.0,524288.0,524288.0,524288.0,524288.0,524288.0,524288.0,524288.0,524288.0,524288.0,524288.0
DRAM Output Writes,230400.0,230400.0,230400.0,230400.0,230400.0,230400.0,230400.0,230400.0,230400.0,230400.0,230400.0,230400.0,230400.0,230400.0,230400.0,230400.0,230400.0,230400.0,230400.0,230400.0,230400.0,230400.0,230400.0,230400.0,230400.0,230400.0,230400.0,230400.0,230400.0,230400.0,230400.0,230400.0,230400.0,230400.0,230400.0,230400.0,230400.0,230400.0,230400.0,230400.0,230400.0,230400.0,230400.0,230400.0,230400.0,230400.0,230400.0,230400.0,230400.0
Total Weights Programming Cycles,32768.0,16384.0,8192.0,4096.0,2048.0,1024.0,512.0,16384.0,8192.0,4096.0,2048.0,1024.0,512.0,256.0,8192.0,4096.0,2048.0,1024.0,512.0,256.0,128.0,4096.0,2048.0,1024.0,512.0,256.0,128.0,64.0,2048.0,1024.0,512.0,256.0,128.0,64.0,32.0,1024.0,512.0,256.0,128.0,64.0,32.0,16.0,512.0,256.0,128.0,64.0,32.0,16.0,8.0
Total Vector Segments Processed,7372800.0,3686400.0,1843200.0,921600.0,460800.0,230400.0,115200.0,3686400.0,1843200.0,921600.0,460800.0,230400.0,115200.0,57600.0,1843200.0,921600.0,460800.0,230400.0,115200.0,57600.0,28800.0,921600.0,460800.0,230400.0,115200.0,57600.0,28800.0,14400.0,460800.0,230400.0,115200.0,57600.0,28800.0,14400.0,7200.0,230400.0,115200.0,57600.0,28800.0,14400.0,7200.0,3600.0,115200.0,57600.0,28800.0,14400.0,7200.0,3600.0,1800.0
Accumulator Dumps,2.0,1.0,1.0,1.0,1.0,1.0,1.0,2.0,1.0,1.0,1.0,1.0,1.0,1.0,2.0,1.0,1.0,1.0,1.0,1.0,1.0,2.0,1.0,1.0,1.0,1.0,1.0,1.0,2.0,1.0,1.0,1.0,1.0,1.0,1.0,2.0,1.0,1.0,1.0,1.0,1.0,1.0,2.0,1.0,1.0,1.0,1.0,1.0,1.0
ADCs Area,0.19,0.38,0.76,1.52,3.04,6.08,12.16,0.19,0.38,0.76,1.52,3.04,6.08,12.16,0.19,0.38,0.76,1.52,3.04,6.08,12.16,0.19,0.38,0.76,1.52,3.04,6.08,12.16,0.19,0.38,0.76,1.52,3.04,6.08,12.16,0.19,0.38,0.76,1.52,3.04,6.08,12.16,0.19,0.38,0.76,1.52,3.04,6.08,12.16
PS Area,0.0,0.0,0.0,0.0,0.0,0.0,0.0,0.0,0.0,0.0,0.0,0.0,0.0,0.0,0.0,0.0,0.0,0.0,0.0,0.0,0.0,0.0,0.0,0.0,0.0,0.0,0.0,0.0,0.0,0.0,0.0,0.0,0.0,0.0,0.0,0.0,0.0,0.0,0.0,0.0,0.0,0.0,0.0,0.0,0.0,0.0,0.0,0.0,0.0
ODAC Drivers Area,0.0048,0.0048,0.0048,0.0048,0.0048,0.0048,0.0048,0.0096,0.0096,0.0096,0.0096,0.0096,0.0096,0.0096,0.0192,0.0192,0.0192,0.0192,0.0192,0.0192,0.0192,0.0384,0.0384,0.0384,0.0384,0.0384,0.0384,0.0384,0.0768,0.0768,0.0768,0.0768,0.0768,0.0768,0.0768,0.1536,0.1536,0.1536,0.1536,0.1536,0.1536,0.1536,0.3072,0.3072,0.3072,0.3072,0.3072,0.3072,0.3072
PCM Heaters Area,0.0,0.0,0.0,0.0,0.0,0.0,0.0,0.0,0.0,0.0,0.0,0.0,0.0,0.0,0.0,0.0,0.0,0.0,0.0,0.0,0.0,0.0,0.0,0.0,0.0,0.0,0.0,0.0,0.0,0.0,0.0,0.0,0.0,0.0,0.0,0.0,0.0,0.0,0.0,0.0,0.0,0.0,0.0,0.0,0.0,0.0,0.0,0.0,0.0
MRM Heaters Area,0.0276,0.0276,0.0552,0.0828,0.138,0.2484,0.4692,0.0276,0.0276,0.0552,0.0828,0.138,0.2484,0.4692,0.0552,0.0552,0.0552,0.0828,0.138,0.2484,0.4692,0.0828,0.0828,0.0828,0.1104,0.1656,0.276,0.4968,0.138,0.138,0.138,0.1656,0.2208,0.3312,0.552,0.2484,0.2484,0.2484,0.276,0.3312,0.4416,0.6624,0.4692,0.4692,0.4692,0.4968,0.552,0.6624,0.8832
SRAM Area,0.6312672,0.6312672,0.6312672,0.6312672,0.6312672,0.6312672,0.6312672,0.6312672,0.6312672,0.6312672,0.6312672,0.6312672,0.6312672,0.6312672,0.6312672,0.6312672,0.6312672,0.6312672,0.6312672,0.6312672,0.6312672,0.6312672,0.6312672,0.6312672,0.6312672,0.6312672,0.6312672,0.6312672,0.6312672,0.6312672,0.6312672,0.6312672,0.6312672,0.6312672,0.6312672,0.6312672,0.6312672,0.6312672,0.6312672,0.6312672,0.6312672,0.6312672,0.6312672,0.6312672,0.6312672,0.6312672,0.6312672,0.6312672,0.6312672
DRAM Area,0.0,0.0,0.0,0.0,0.0,0.0,0.0,0.0,0.0,0.0,0.0,0.0,0.0,0.0,0.0,0.0,0.0,0.0,0.0,0.0,0.0,0.0,0.0,0.0,0.0,0.0,0.0,0.0,0.0,0.0,0.0,0.0,0.0,0.0,0.0,0.0,0.0,0.0,0.0,0.0,0.0,0.0,0.0,0.0,0.0,0.0,0.0,0.0,0.0
Clock Area,0.042,0.063,0.10500000000000001,0.189,0.35700000000000004,0.6930000000000001,1.365,0.063,0.084,0.126,0.21000000000000002,0.378,0.7140000000000001,1.3860000000000001,0.10500000000000001,0.126,0.168,0.252,0.42000000000000004,0.756,1.4280000000000002,0.189,0.21000000000000002,0.252,0.336,0.504,0.8400000000000001,1.512,0.35700000000000004,0.378,0.42000000000000004,0.504,0.672,1.008,1.6800000000000002,0.6930000000000001,0.7140000000000001,0.756,0.8400000000000001,1.008,1.344,2.016,1.365,1.3860000000000001,1.4280000000000002,1.512,1.6800000000000002,2.016,2.688
Rx AFE Area,0.0,0.0,0.0,0.0,0.0,0.0,0.0,0.0,0.0,0.0,0.0,0.0,0.0,0.0,0.0,0.0,0.0,0.0,0.0,0.0,0.0,0.0,0.0,0.0,0.0,0.0,0.0,0.0,0.0,0.0,0.0,0.0,0.0,0.0,0.0,0.0,0.0,0.0,0.0,0.0,0.0,0.0,0.0,0.0,0.0,0.0,0.0,0.0,0.0
ADCs Power,18.36734693877551,36.73469387755102,73.46938775510203,146.93877551020407,293.87755102040813,587.7551020408163,1175.5102040816325,18.36734693877551,36.73469387755102,73.46938775510203,146.93877551020407,293.87755102040813,587.7551020408163,1175.5102040816325,18.36734693877551,36.73469387755102,73.46938775510203,146.93877551020407,293.87755102040813,587.7551020408163,1175.5102040816325,18.36734693877551,36.73469387755102,73.46938775510203,146.93877551020407,293.87755102040813,587.7551020408163,1175.5102040816325,18.36734693877551,36.73469387755102,73.46938775510203,146.93877551020407,293.87755102040813,587.7551020408163,1175.5102040816325,18.36734693877551,36.73469387755102,73.46938775510203,146.93877551020407,293.87755102040813,587.7551020408163,1175.5102040816325,18.36734693877551,36.73469387755102,73.46938775510203,146.93877551020407,293.87755102040813,587.7551020408163,1175.5102040816325
PS Power,8.816326530612246,13.224489795918368,22.040816326530614,39.673469387755105,74.93877551020408,145.46938775510205,286.53061224489795,13.224489795918368,17.63265306122449,26.448979591836736,44.08163265306123,79.34693877551021,149.87755102040816,290.9387755102041,22.040816326530614,26.448979591836736,35.26530612244898,52.89795918367347,88.16326530612245,158.69387755102042,299.7551020408163,39.673469387755105,44.08163265306123,52.89795918367347,70.53061224489797,105.79591836734694,176.3265306122449,317.38775510204084,74.93877551020408,79.34693877551021,88.16326530612245,105.79591836734694,141.06122448979593,211.59183673469389,352.6530612244898,145.46938775510205,149.87755102040816,158.69387755102042,176.3265306122449,211.59183673469389,282.12244897959187,423.18367346938777,286.53061224489795,290.9387755102041,299.7551020408163,317.38775510204084,352.6530612244898,423.18367346938777,564.2448979591837
ODAC Drivers Power,18.36734693877551,36.73469387755102,73.46938775510203,146.93877551020407,293.87755102040813,587.7551020408163,1175.5102040816325,18.36734693877551,36.73469387755102,73.46938775510203,146.93877551020407,293.87755102040813,587.7551020408163,1175.5102040816325,18.36734693877551,36.73469387755102,73.46938775510203,146.93877551020407,293.87755102040813,587.7551020408163,1175.5102040816325,18.36734693877551,36.73469387755102,73.46938775510203,146.93877551020407,293.87755102040813,587.7551020408163,1175.5102040816325,18.36734693877551,36.73469387755102,73.46938775510203,146.93877551020407,293.87755102040813,587.7551020408163,1175.5102040816325,18.36734693877551,36.73469387755102,73.46938775510203,146.93877551020407,293.87755102040813,587.7551020408163,1175.5102040816325,18.36734693877551,36.73469387755102,73.46938775510203,146.93877551020407,293.87755102040813,587.7551020408163,1175.5102040816325
PCM Heaters Power,13.061224489795917,26.122448979591834,52.24489795918367,104.48979591836734,208.97959183673467,417.95918367346934,835.9183673469387,26.122448979591834,52.24489795918367,104.48979591836734,208.97959183673467,417.95918367346934,835.9183673469387,1671.8367346938774,52.24489795918367,104.48979591836734,208.97959183673467,417.95918367346934,835.9183673469387,1671.8367346938774,3343.6734693877547,104.48979591836734,208.97959183673467,417.95918367346934,835.9183673469387,1671.8367346938774,3343.6734693877547,6687.346938775509,208.97959183673467,417.95918367346934,835.9183673469387,1671.8367346938774,3343.6734693877547,6687.346938775509,13374.693877551019,417.95918367346934,835.9183673469387,1671.8367346938774,3343.6734693877547,6687.346938775509,13374.693877551019,26749.387755102038,835.9183673469387,1671.8367346938774,3343.6734693877547,6687.346938775509,13374.693877551019,26749.387755102038,53498.775510204076
MRM Heaters Power,1.0579591836734692,1.586938775510204,2.6448979591836728,4.760816326530612,8.99265306122449,17.45632653061224,34.38367346938775,1.586938775510204,2.1159183673469384,3.173877551020408,5.2897959183673455,9.521632653061223,17.98530612244898,34.91265306122448,2.6448979591836728,3.173877551020408,4.231836734693877,6.347755102040816,10.579591836734691,19.043265306122446,35.97061224489796,4.760816326530612,5.2897959183673455,6.347755102040816,8.463673469387754,12.695510204081632,21.159183673469382,38.08653061224489,8.99265306122449,9.521632653061223,10.579591836734691,12.695510204081632,16.927346938775507,25.391020408163264,42.318367346938764,17.45632653061224,17.98530612244898,19.043265306122446,21.159183673469382,25.391020408163264,33.854693877551014,50.78204081632653,34.38367346938775,34.91265306122448,35.97061224489796,38.08653061224489,42.318367346938764,50.78204081632653,67.70938775510203
SRAM Program Power,0.03918367346938775,0.0783673469387755,0.156734693877551,0.313469387755102,0.626938775510204,1.253877551020408,2.507755102040816,0.0783673469387755,0.156734693877551,0.313469387755102,0.626938775510204,1.253877551020408,2.507755102040816,5.015510204081632,0.156734693877551,0.313469387755102,0.626938775510204,1.253877551020408,2.507755102040816,5.015510204081632,10.031020408163265,0.313469387755102,0.626938775510204,1.253877551020408,2.507755102040816,5.015510204081632,10.031020408163265,20.06204081632653,0.626938775510204,1.253877551020408,2.507755102040816,5.015510204081632,10.031020408163265,20.06204081632653,40.12408163265306,1.253877551020408,2.507755102040816,5.015510204081632,10.031020408163265,20.06204081632653,40.12408163265306,80.24816326530612,2.507755102040816,5.015510204081632,10.031020408163265,20.06204081632653,40.12408163265306,80.24816326530612,160.49632653061224
SRAM Compute Power,2.221301020408163,2.2385204081632653,2.2729591836734695,2.3418367346938775,2.4795918367346936,2.7551020408163267,3.306122448979592,4.442602040816326,4.4770408163265305,4.545918367346939,4.683673469387755,4.959183673469387,5.510204081632653,6.612244897959184,8.885204081632653,8.954081632653061,9.091836734693878,9.36734693877551,9.918367346938775,11.020408163265307,13.224489795918368,17.770408163265305,17.908163265306122,18.183673469387756,18.73469387755102,19.83673469387755,22.040816326530614,26.448979591836736,35.54081632653061,35.816326530612244,36.36734693877551,37.46938775510204,39.6734693877551,44.08163265306123,52.89795918367347,71.08163265306122,71.63265306122449,72.73469387755102,74.93877551020408,79.3469387755102,88.16326530612245,105.79591836734694,142.16326530612244,143.26530612244898,145.46938775510205,149.87755102040816,158.6938775510204,176.3265306122449,211.59183673469389
DRAM Program Power,3.056326530612244,6.112653061224488,12.225306122448975,24.45061224489795,48.9012244897959,97.8024489795918,195.6048979591836,6.112653061224488,12.225306122448975,24.45061224489795,48.9012244897959,97.8024489795918,195.6048979591836,391.2097959183672,12.225306122448975,24.45061224489795,48.9012244897959,97.8024489795918,195.6048979591836,391.2097959183672,782.4195918367344,24.45061224489795,48.9012244897959,97.8024489795918,195.6048979591836,391.2097959183672,782.4195918367344,1564.8391836734688,48.9012244897959,97.8024489795918,195.6048979591836,391.2097959183672,782.4195918367344,1564.8391836734688,3129.6783673469376,97.8024489795918,195.6048979591836,391.2097959183672,782.4195918367344,1564.8391836734688,3129.6783673469376,6259.356734693875,195.6048979591836,391.2097959183672,782.4195918367344,1564.8391836734688,3129.6783673469376,6259.356734693875,12518.71346938775
DRAM Compute Power,3.6831122448979587,7.3662244897959175,14.732448979591835,29.46489795918367,58.92979591836734,117.85959183673468,235.71918367346936,7.3662244897959175,14.732448979591835,29.46489795918367,58.92979591836734,117.85959183673468,235.71918367346936,471.4383673469387,14.732448979591835,29.46489795918367,58.92979591836734,117.85959183673468,235.71918367346936,471.4383673469387,942.8767346938774,29.46489795918367,58.92979591836734,117.85959183673468,235.71918367346936,471.4383673469387,942.8767346938774,1885.7534693877549,58.92979591836734,117.85959183673468,235.71918367346936,471.4383673469387,942.8767346938774,1885.7534693877549,3771.5069387755098,117.85959183673468,235.71918367346936,471.4383673469387,942.8767346938774,1885.7534693877549,3771.5069387755098,7543.0138775510195,235.71918367346936,471.4383673469387,942.8767346938774,1885.7534693877549,3771.5069387755098,7543.0138775510195,15086.027755102039
Clocks Power,2.7551020408163267,4.13265306122449,6.887755102040817,12.397959183673471,23.418367346938776,45.45918367346939,89.54081632653062,4.13265306122449,5.510204081632653,8.26530612244898,13.775510204081634,24.795918367346943,46.83673469387755,90.91836734693878,6.887755102040817,8.26530612244898,11.020408163265307,16.53061224489796,27.551020408163268,49.591836734693885,93.6734693877551,12.397959183673471,13.775510204081634,16.53061224489796,22.040816326530614,33.06122448979592,55.102040816326536,99.18367346938777,23.418367346938776,24.795918367346943,27.551020408163268,33.06122448979592,44.08163265306123,66.12244897959184,110.20408163265307,45.45918367346939,46.83673469387755,49.591836734693885,55.102040816326536,66.12244897959184,88.16326530612245,132.24489795918367,89.54081632653062,90.91836734693878,93.6734693877551,99.18367346938777,110.20408163265307,132.24489795918367,176.3265306122449
Rx AFE Power,1.6530612244897958,3.3061224489795915,6.612244897959183,13.224489795918366,26.448979591836732,52.897959183673464,105.79591836734693,1.6530612244897958,3.3061224489795915,6.612244897959183,13.224489795918366,26.448979591836732,52.897959183673464,105.79591836734693,1.6530612244897958,3.3061224489795915,6.612244897959183,13.224489795918366,26.448979591836732,52.897959183673464,105.79591836734693,1.6530612244897958,3.3061224489795915,6.612244897959183,13.224489795918366,26.448979591836732,52.897959183673464,105.79591836734693,1.6530612244897958,3.3061224489795915,6.612244897959183,13.224489795918366,26.448979591836732,52.897959183673464,105.79591836734693,1.6530612244897958,3.3061224489795915,6.612244897959183,13.224489795918366,26.448979591836732,52.897959183673464,105.79591836734693,1.6530612244897958,3.3061224489795915,6.612244897959183,13.224489795918366,26.448979591836732,52.897959183673464,105.79591836734693
MRMs Area,0.0008,0.0012000000000000001,0.002,0.0036000000000000003,0.0068000000000000005,0.0132,0.026000000000000002,0.0012000000000000001,0.0016,0.0024000000000000002,0.004,0.007200000000000001,0.013600000000000001,0.0264,0.002,0.0024000000000000002,0.0032,0.0048000000000000004,0.008,0.014400000000000001,0.027200000000000002,0.0036000000000000003,0.004,0.0048000000000000004,0.0064,0.009600000000000001,0.016,0.028800000000000003,0.0068000000000000005,0.007200000000000001,0.008,0.009600000000000001,0.0128,0.019200000000000002,0.032,0.0132,0.013600000000000001,0.014400000000000001,0.016,0.019200000000000002,0.0256,0.038400000000000004,0.026000000000000002,0.0264,0.027200000000000002,0.028800000000000003,0.032,0.038400000000000004,0.0512
Crossbar Array Area,0.0064,0.0128,0.0256,0.0512,0.1024,0.2048,0.4096,0.0128,0.0256,0.0512,0.1024,0.2048,0.4096,0.8192,0.0256,0.0512,0.1024,0.2048,0.4096,0.8192,1.6384,0.0512,0.1024,0.2048,0.4096,0.8192,1.6384,3.2768,0.1024,0.2048,0.4096,0.8192,1.6384,3.2768,6.5536,0.2048,0.4096,0.8192,1.6384,3.2768,6.5536,13.1072,0.4096,0.8192,1.6384,3.2768,6.5536,13.1072,26.2144
Tx Power Splitters Area,9e-05,9e-05,9e-05,9e-05,9e-05,9e-05,9e-05,0.00021,0.00021,0.00021,0.00021,0.00021,0.00021,0.00021,0.00045,0.00045,0.00045,0.00045,0.00045,0.00045,0.00045,0.00093,0.00093,0.00093,0.00093,0.00093,0.00093,0.00093,0.00189,0.00189,0.00189,0.00189,0.00189,0.00189,0.00189,0.00381,0.00381,0.00381,0.00381,0.00381,0.00381,0.00381,0.0076500000000000005,0.0076500000000000005,0.0076500000000000005,0.0076500000000000005,0.0076500000000000005,0.0076500000000000005,0.0076500000000000005
Grating Coupler Area,0.0009,0.0009,0.0009,0.0009,0.0009,0.0009,0.0009,0.0009,0.0009,0.0009,0.0009,0.0009,0.0009,0.0009,0.0009,0.0009,0.0009,0.0009,0.0009,0.0009,0.0009,0.0009,0.0009,0.0009,0.0009,0.0009,0.0009,0.0009,0.0009,0.0009,0.0009,0.0009,0.0009,0.0009,0.0009,0.0009,0.0009,0.0009,0.0009,0.0009,0.0009,0.0009,0.0009,0.0009,0.0009,0.0009,0.0009,0.0009,0.0009
Photonic Power Single PD,0.2,0.2,0.2,0.2,0.2,0.2,0.2,0.2,0.2,0.2,0.2,0.2,0.2,0.2,0.2,0.2,0.2,0.2,0.2,0.2,0.2,0.2,0.2,0.2,0.2,0.2,0.2,0.2,0.2,0.2,0.2,0.2,0.2,0.2,0.2,0.2,0.2,0.2,0.2,0.2,0.2,0.2,0.2,0.2,0.2,0.2,0.2,0.2,0.2
PCM OMA,-0.13,-0.13,-0.13,-0.13,-0.13,-0.13,-0.13,-0.13,-0.13,-0.13,-0.13,-0.13,-0.13,-0.13,-0.13,-0.13,-0.13,-0.13,-0.13,-0.13,-0.13,-0.13,-0.13,-0.13,-0.13,-0.13,-0.13,-0.13,-0.13,-0.13,-0.13,-0.13,-0.13,-0.13,-0.13,-0.13,-0.13,-0.13,-0.13,-0.13,-0.13,-0.13,-0.13,-0.13,-0.13,-0.13,-0.13,-0.13,-0.13
MRM Tx OMA,-4.0,-4.0,-4.0,-4.0,-4.0,-4.0,-4.0,-4.0,-4.0,-4.0,-4.0,-4.0,-4.0,-4.0,-4.0,-4.0,-4.0,-4.0,-4.0,-4.0,-4.0,-4.0,-4.0,-4.0,-4.0,-4.0,-4.0,-4.0,-4.0,-4.0,-4.0,-4.0,-4.0,-4.0,-4.0,-4.0,-4.0,-4.0,-4.0,-4.0,-4.0,-4.0,-4.0,-4.0,-4.0,-4.0,-4.0,-4.0,-4.0
Power Loss Crossbar Junctions,-0.2,-0.30000000000000004,-0.5,-0.9,-1.7000000000000002,-3.3000000000000003,-6.5,-0.30000000000000004,-0.4,-0.6000000000000001,-1.0,-1.8,-3.4000000000000004,-6.6000000000000005,-0.5,-0.6000000000000001,-0.8,-1.2000000000000002,-2.0,-3.6,-6.800000000000001,-0.9,-1.0,-1.2000000000000002,-1.6,-2.4000000000000004,-4.0,-7.2,-1.7000000000000002,-1.8,-2.0,-2.4000000000000004,-3.2,-4.800000000000001,-8.0,-3.3000000000000003,-3.4000000000000004,-3.6,-4.0,-4.800000000000001,-6.4,-9.600000000000001,-6.5,-6.6000000000000005,-6.800000000000001,-7.2,-8.0,-9.600000000000001,-12.8
Power Loss Crossbar Waveguides,-0.024,-0.036,-0.06,-0.108,-0.20400000000000001,-0.396,-0.78,-0.036,-0.048,-0.072,-0.12,-0.216,-0.40800000000000003,-0.792,-0.06,-0.072,-0.096,-0.144,-0.24,-0.432,-0.8160000000000001,-0.108,-0.12,-0.144,-0.192,-0.288,-0.48,-0.864,-0.20400000000000001,-0.216,-0.24,-0.288,-0.384,-0.576,-0.96,-0.396,-0.40800000000000003,-0.432,-0.48,-0.576,-0.768,-1.152,-0.78,-0.792,-0.8160000000000001,-0.864,-0.96,-1.152,-1.536
Power Loss Splitting Tree,-0.4,-0.4,-0.4,-0.4,-0.4,-0.4,-0.4,-0.8,-0.8,-0.8,-0.8,-0.8,-0.8,-0.8,-1.6,-1.6,-1.6,-1.6,-1.6,-1.6,-1.6,-3.2,-3.2,-3.2,-3.2,-3.2,-3.2,-3.2,-6.4,-6.4,-6.4,-6.4,-6.4,-6.4,-6.4,-12.8,-12.8,-12.8,-12.8,-12.8,-12.8,-12.8,-25.6,-25.6,-25.6,-25.6,-25.6,-25.6,-25.6
Power Loss Tx Waveguides,-0.07539822368615504,-0.11309733552923255,-0.18849555921538758,-0.33929200658769765,-0.6408849013323179,-1.2440706908215582,-2.4504422698000385,-0.11309733552923255,-0.15079644737231007,-0.2261946710584651,-0.37699111843077515,-0.6785840131753953,-1.2817698026646358,-2.4881413816431164,-0.18849555921538758,-0.2261946710584651,-0.30159289474462014,-0.4523893421169302,-0.7539822368615503,-1.3571680263507906,-2.5635396053292716,-0.33929200658769765,-0.37699111843077515,-0.4523893421169302,-0.6031857894892403,-0.9047786842338604,-1.5079644737231006,-2.714336052701581,-0.6408849013323179,-0.6785840131753953,-0.7539822368615503,-0.9047786842338604,-1.2063715789784806,-1.8095573684677209,-3.015928947446201,-1.2440706908215582,-1.2817698026646358,-1.3571680263507906,-1.5079644737231006,-1.8095573684677209,-2.412743157956961,-3.6191147369354417,-2.4504422698000385,-2.4881413816431164,-2.5635396053292716,-2.714336052701581,-3.015928947446201,-3.6191147369354417,-4.825486315913922
Power Loss Grating Coupler,-2.0,-2.0,-2.0,-2.0,-2.0,-2.0,-2.0,-2.0,-2.0,-2.0,-2.0,-2.0,-2.0,-2.0,-2.0,-2.0,-2.0,-2.0,-2.0,-2.0,-2.0,-2.0,-2.0,-2.0,-2.0,-2.0,-2.0,-2.0,-2.0,-2.0,-2.0,-2.0,-2.0,-2.0,-2.0,-2.0,-2.0,-2.0,-2.0,-2.0,-2.0,-2.0,-2.0,-2.0,-2.0,-2.0,-2.0,-2.0,-2.0
Power Loss Waveguide Power Combining,-6.020599913279624,-6.020599913279624,-6.020599913279624,-6.020599913279624,-6.020599913279624,-6.020599913279624,-6.020599913279624,-9.030899869919436,-9.030899869919436,-9.030899869919436,-9.030899869919436,-9.030899869919436,-9.030899869919436,-9.030899869919436,-12.041199826559248,-12.041199826559248,-12.041199826559248,-12.041199826559248,-12.041199826559248,-12.041199826559248,-12.041199826559248,-15.051499783199061,-15.051499783199061,-15.051499783199061,-15.051499783199061,-15.051499783199061,-15.051499783199061,-15.051499783199061,-18.06179973983887,-18.06179973983887,-18.06179973983887,-18.06179973983887,-18.06179973983887,-18.06179973983887,-18.06179973983887,-21.072099696478684,-21.072099696478684,-21.072099696478684,-21.072099696478684,-21.072099696478684,-21.072099696478684,-21.072099696478684,-24.082399653118497,-24.082399653118497,-24.082399653118497,-24.082399653118497,-24.082399653118497,-24.082399653118497,-24.082399653118497
PCM OMA Actual Loss,2.2737099376302954,4.706899947463715,10.085670714175077,23.153381366550388,61.01037724451769,211.81284081567878,1276.4959420824212,5.161013163821467,10.684024460467798,22.893104551443418,52.55503529367742,138.4852812038278,480.78641942140615,2897.4726510269807,13.295503381822307,27.52356540017842,58.97589084209051,135.38923992232034,356.75776560406365,1238.574144736026,7464.301331473894,44.11785868198399,91.33018388830526,195.69699191478415,449.25590121849694,1183.8129203997976,4109.903740788921,24768.448538168457,242.88668659216393,502.8096651377624,1077.3912280027703,2473.3357542463177,6517.369753902341,22626.685238932572,136360.34425036435,3680.885303092463,7619.951231687407,16327.587125000055,37482.76760308888,98769.06337908944,342901.5987752905,2066505.9667045102,422687.53286972916,875022.7517286784,1874947.7235228256,4304263.03964656,11341959.416254193,39376459.4299212,237303321.5658876
MRM Tx OMA Actual Loss,46.40651704571676,96.06802918410564,205.84897051672885,472.56150367739195,1245.2244082260265,4323.109137684898,26053.336757974885,105.33649934681901,218.061396062813,467.2492427522121,1072.6505174781232,2826.4905106868036,9812.871377728252,59137.54069682266,271.361792508577,561.7571466629022,1203.7004537624614,2763.3001757515303,7281.441250132228,25279.35125268487,152346.70933198553,900.4473820789153,1864.0529582319277,3994.183972540474,9169.332153033396,24161.672322516646,83883.31107966868,505525.09370672767,4957.327658630161,10262.366764463142,21989.601030343005,50480.888498397144,133019.79534510258,461811.61319237994,2783120.4566091276,75127.02642242817,155523.5304505802,333246.7513518619,765024.8894572133,2015880.8067084562,6998636.292698685,42177475.13954942,8627070.619031845,17859251.776771516,38267763.20561503,87850192.6797161,231489876.6422205,803675220.6128305,4843370939.71183
Crossbar Junctions Actual Loss,3.470114980270757,10.653271587974823,37.192472371559006,146.95156412704205,670.1348903803566,3823.0046310501775,33595.218609827854,11.68108001380608,31.877833178524043,100.17093065542849,366.533566542924,1593.384573633021,8851.28299278458,76757.28008286998,49.02922732738066,120.43194730954872,336.4486419438219,1108.3744426158046,4464.519734238,23666.196879645213,200229.94858942914,280.01043288733587,636.9623357027573,1602.0885002352343,4694.696545098535,17043.03592505002,83883.31107966868,679854.0419275954,2667.8550509850165,5785.229714953642,13482.634052180787,35607.94901621339,115224.0316305377,513200.02613481437,3891100.6668993444,66436.20616151701,140283.38159811118,311981.23512594926,765024.8894572133,2240199.3651391375,8963956.83599888,62391185.135390386,11124422.414725123,23180328.00396443,50295489.104365036,118145091.74903932,323647656.44403297,1188839524.2265913,7624591945.613056
Crossbar Waveguides Actual Loss,0.4249005449186593,1.3175865252855405,4.692452907891538,19.283675069557017,94.93235129529113,625.9481283307246,7116.034148395915,1.4447048965076565,3.9821604550626124,12.763876559874108,48.5679561014809,227.84660587064658,1461.8825572315577,16378.970386591995,6.185857666186628,15.34555483578348,43.72149648453299,149.7293606497245,650.3997585671713,3976.7219341551345,43356.91742689135,36.7442853430081,84.40143436381675,216.42477273147213,658.8261368785572,2575.7017415217765,14582.579309623787,151519.6435839234,377.9324976815895,827.2610244548424,1964.175869833983,5381.403682795458,18701.8892374606,95302.02205710342,917030.0953537901,10877.731761672541,23169.27713133941,52423.40487065077,132994.70396144083,416008.4147242721,1884676.8660931361,16326837.421061173,2356340.3680667565,4946369.979740253,10890765.259669017,26331096.219195325,76275241.03261136,311101473.54404515,2397157917.8095245
Splitting Tree Actual Loss,6.784049059071258,14.043937457129536,30.09253017995443,69.08254763480049,182.03614519564644,631.9841768965621,3808.670117270082,29.442808666870654,60.950762572517455,130.60173956226146,299.81862078542576,790.0378294410274,2742.8146581538094,16529.64837983679,138.93719286200258,287.619566137134,616.2944331493873,1414.809232739945,3728.09671520351,12943.023658386144,78001.48996908068,779.9829894875547,1614.6746915606407,3459.830765760794,7942.633014063834,20929.255594730133,72661.16493445523,437894.519655334,6349.418557472868,13144.1910773113,28164.606107974185,64656.66833045503,170373.72052764855,591495.1418947426,3564661.8282559463,118267.40666540527,244830.1962387695,524607.866687638,1204327.044728901,3173465.0831967336,11017480.711638518,66397152.156683065,14293756.749716949,29590090.53037867,63403920.377113424,145554538.734093,383543862.43765473,1331568804.3485692,8024736219.054861
Tx Waveguides Actual Loss,1.3270037528452097,4.102845649985133,14.52632149171477,59.003031767345654,283.84021667838823,1789.0320451645657,18664.998860833897,4.498680797349612,12.36369866018345,39.39733517154049,148.1742281810439,679.2977405683569,4166.671638888871,42850.03352437325,19.149421192889758,47.366014895444806,134.16636926316826,454.1651574410143,1928.062683296408,11272.062001326041,112844.24979769357,112.42795927341479,257.497296532317,656.4683810523279,1975.4909542521004,7549.393253241318,40883.15850888297,390329.8404168975,1129.9882555112463,2466.3810225528377,5822.656217463909,15772.91811429267,53600.726618391986,261452.56793654384,2314968.0890660486,31089.813707461737,66037.29515695765,148594.71690673678,372858.83707206976,1141281.8528414913,4956266.246169204,39620333.95865471,6180562.00525922,12940503.2461216,28345193.994070556,67831552.0162099,192550658.77439284,754949899.9080201,5397911587.722055
Grating Coupler Actual Loss,28.453544295793403,58.902845932321874,126.21358321442521,289.74485769154387,763.4929340367852,2650.657389855114,15974.260054163715,64.58568625557223,133.70147098010827,286.48771492005534,657.6815274221598,1733.0254039155402,6016.632753112091,36259.403654526934,166.38190656976587,344.4339906031946,738.033068636811,1694.2810828889144,4464.519734238,15499.701042605575,93409.37692060877,552.0974445630884,1142.9195034073837,2448.9812600301148,5622.055159238868,14814.41093741006,51431.94661930496,309956.0484629627,3039.5201170697223,6292.2349252082295,13482.634052180787,30951.691452412593,81559.33433531804,283153.70402256906,1706433.6268684838,46063.14608820876,95357.20291945926,204325.85345024572,469064.92805980553,1236010.7476329755,4291121.601913652,25860562.98915157,5289574.646589792,10950164.844724055,23463374.646264244,53864187.78948205,141934966.8620544,492762869.20242655,2969649056.7970514
Waveguide Power Combining Actual Loss,57.82572258967423,119.70739368059417,256.5020221781339,588.8442433912489,1551.6355412114576,5386.892308129511,32464.255449678705,153.13263826921667,317.0061383359948,679.262266314346,1559.362658725243,4109.002592912221,14265.434036501312,85971.03267919732,422.66939898708756,874.9852120364561,1874.867285659544,4304.0783807797725,11341.472830431352,39374.770125083385,237293.14092357195,1449.2752840918856,3000.204047866436,6428.662270253046,14758.093282851809,38888.351741891645,135010.6757097556,813645.5703895708,8107.538709925427,16783.747520398545,35963.23540546154,82559.75513332877,217549.29555025313,755276.9936706052,4551697.686769191,123842.80536628023,256372.0571498356,549339.093158799,1261101.8031338656,3323069.5566607034,11536870.198383326,69527267.26036069,14277244.559182849,29555907.96932672,63330675.97872273,145386393.69575465,383100791.421011,1330030572.0845351,8015466019.781492
Compute Portion,0.18367346938775508,0.18367346938775508,0.18367346938775508,0.18367346938775508,0.18367346938775508,0.18367346938775508,0.18367346938775508,0.18367346938775508,0.18367346938775508,0.18367346938775508,0.18367346938775508,0.18367346938775508,0.18367346938775508,0.18367346938775508,0.18367346938775508,0.18367346938775508,0.18367346938775508,0.18367346938775508,0.18367346938775508,0.18367346938775508,0.18367346938775508,0.18367346938775508,0.18367346938775508,0.18367346938775508,0.18367346938775508,0.18367346938775508,0.18367346938775508,0.18367346938775508,0.18367346938775508,0.18367346938775508,0.18367346938775508,0.18367346938775508,0.18367346938775508,0.18367346938775508,0.18367346938775508,0.18367346938775508,0.18367346938775508,0.18367346938775508,0.18367346938775508,0.18367346938775508,0.18367346938775508,0.18367346938775508,0.18367346938775508,0.18367346938775508,0.18367346938775508,0.18367346938775508,0.18367346938775508,0.18367346938775508,0.18367346938775508
Program Portion,0.8163265306122448,0.8163265306122448,0.8163265306122448,0.8163265306122448,0.8163265306122448,0.8163265306122448,0.8163265306122448,0.8163265306122448,0.8163265306122448,0.8163265306122448,0.8163265306122448,0.8163265306122448,0.8163265306122448,0.8163265306122448,0.8163265306122448,0.8163265306122448,0.8163265306122448,0.8163265306122448,0.8163265306122448,0.8163265306122448,0.8163265306122448,0.8163265306122448,0.8163265306122448,0.8163265306122448,0.8163265306122448,0.8163265306122448,0.8163265306122448,0.8163265306122448,0.8163265306122448,0.8163265306122448,0.8163265306122448,0.8163265306122448,0.8163265306122448,0.8163265306122448,0.8163265306122448,0.8163265306122448,0.8163265306122448,0.8163265306122448,0.8163265306122448,0.8163265306122448,0.8163265306122448,0.8163265306122448,0.8163265306122448,0.8163265306122448,0.8163265306122448,0.8163265306122448,0.8163265306122448,0.8163265306122448,0.8163265306122448
Total Time,0.004014080000000001,0.0020070400000000003,0.0010035200000000001,0.0005017600000000001,0.00025088000000000004,0.00012544000000000002,6.272000000000001e-05,0.0020070400000000003,0.0010035200000000001,0.0005017600000000001,0.00025088000000000004,0.00012544000000000002,6.272000000000001e-05,3.1360000000000005e-05,0.0010035200000000001,0.0005017600000000001,0.00025088000000000004,0.00012544000000000002,6.272000000000001e-05,3.1360000000000005e-05,1.5680000000000002e-05,0.0005017600000000001,0.00025088000000000004,0.00012544000000000002,6.272000000000001e-05,3.1360000000000005e-05,1.5680000000000002e-05,7.840000000000001e-06,0.00025088000000000004,0.00012544000000000002,6.272000000000001e-05,3.1360000000000005e-05,1.5680000000000002e-05,7.840000000000001e-06,3.920000000000001e-06,0.00012544000000000002,6.272000000000001e-05,3.1360000000000005e-05,1.5680000000000002e-05,7.840000000000001e-06,3.920000000000001e-06,1.9600000000000003e-06,6.272000000000001e-05,3.1360000000000005e-05,1.5680000000000002e-05,7.840000000000001e-06,3.920000000000001e-06,1.9600000000000003e-06,9.800000000000001e-07
Total Electronics Area,0.8956672,1.1066672000000002,1.5562672,2.4278672,4.1710671999999995,7.657467200000001,14.6302672,0.9214672,1.1324672000000002,1.5820671999999998,2.4536672000000004,4.1968672,7.6832672,14.656067200000003,1.0006671999999999,1.2116671999999997,1.6336671999999999,2.5052672,4.2484672,7.7348672,14.707667200000001,1.1314672000000001,1.3424672,1.7644672,2.6360672,4.3792672,7.8656672,14.8384672,1.3930672,1.6040671999999998,2.0260672,2.8976672,4.6408672,8.1272672,15.1000672,1.9162672,2.1272672000000004,2.5492672,3.4208672,5.1640672,8.6504672,15.6232672,2.9626672,3.1736672,3.5956672000000003,4.4672672,6.2104672,9.6968672,16.6696672
Total Photonics Area,0.008190000000000001,0.01499,0.02859,0.05579,0.11019000000000001,0.21899000000000002,0.43659000000000003,0.01511,0.028310000000000002,0.05471,0.10751000000000001,0.21311000000000002,0.42431,0.8467100000000001,0.02895,0.05495,0.10695,0.21095000000000003,0.41895000000000004,0.83495,1.66695,0.05663,0.10823,0.21143,0.41783000000000003,0.8306300000000001,1.65623,3.30743,0.11199,0.21479000000000004,0.42039000000000004,0.83159,1.6539899999999998,3.2987900000000003,6.58839,0.22271000000000002,0.42791,0.83831,1.65911,3.3007100000000005,6.5839099999999995,13.15031,0.44415000000000004,0.8541500000000001,1.6741499999999998,3.31415,6.59415,13.15415,26.274150000000006
Total Electronics Program Power,13.100408163265305,26.20081632653061,52.40163265306122,104.80326530612244,209.60653061224488,419.21306122448976,838.4261224489795,26.20081632653061,52.40163265306122,104.80326530612244,209.60653061224488,419.21306122448976,838.4261224489795,1676.852244897959,52.40163265306122,104.80326530612244,209.60653061224488,419.21306122448976,838.4261224489795,1676.852244897959,3353.704489795918,104.80326530612244,209.60653061224488,419.21306122448976,838.4261224489795,1676.852244897959,3353.704489795918,6707.408979591836,209.60653061224488,419.21306122448976,838.4261224489795,1676.852244897959,3353.704489795918,6707.408979591836,13414.817959183672,419.21306122448976,838.4261224489795,1676.852244897959,3353.704489795918,6707.408979591836,13414.817959183672,26829.635918367345,838.4261224489795,1676.852244897959,3353.704489795918,6707.408979591836,13414.817959183672,26829.635918367345,53659.27183673469
